If there are 7 bottle caps in a box and Linda puts 7 more bottle caps inside, how many bottle caps are in the box? 14.0
154
0
14
14.0
1
Accuracy:  0.006493506493506494
1
9
9.0
2
Accuracy:  0.012987012987012988
2
8
8.0
3
Accuracy:  0.01948051948051948
3
15
15.0
4
Accuracy:  0.025974025974025976
4
7
7.0
5
Accuracy:  0.032467532467532464
5
11
11.0
6
Accuracy:  0.03896103896103896
6
16
16.0
7
Accuracy:  0.045454545454545456
7
7
7.0
8
Accuracy:  0.05194805194805195
8
13
13.0
9
Accuracy:  0.05844155844155844
9
8
8.0
10
Accuracy:  0.06493506493506493
10
2
-1
11.0
10
Accuracy:  0.06493506493506493
11
13
13.0
11
Accuracy:  0.07142857142857142
12
4
4.0
12
Accuracy:  0.07792207792207792
13
14
14.0
13
Accuracy:  0.08441558441558442
14
9
9.0
14
Accuracy:  0.09090909090909091
15
11
11.0
15
Accuracy:  0.09740259740259741
16
15
15.0
16
Accuracy:  0.1038961038961039
17
12
12.0
17
Accuracy:  0.11038961038961038
18
79
79.0
18
Accuracy:  0.11688311688311688
19
95
95.0
19
Accuracy:  0.12337662337662338
20
97
97.0
20
Accuracy:  0.12987012987012986
21
85
85.0
21
Accuracy:  0.13636363636363635
22
62
62.0
22
Accuracy:  0.14285714285714285
23
54
54.0
23
Accuracy:  0.14935064935064934
24
3
101
101.0
24
Accuracy:  0.15584415584415584
25
79
79.0
25
Accuracy:  0.16233766233766234
26
91
91.0
26
Accuracy:  0.16883116883116883
27
3
28
28.0
27
Accuracy:  0.17532467532467533
28
54
54.0
28
Accuracy:  0.18181818181818182
29
47
47.0
29
Accuracy:  0.18831168831168832
30
93
93.0
30
Accuracy:  0.19480519480519481
31
31
31.0
31
Accuracy:  0.2012987012987013
32
106
106.0
32
Accuracy:  0.2077922077922078
33
18
18.0
33
Accuracy:  0.21428571428571427
34
84
84.0
34
Accuracy:  0.22077922077922077
35
27
27.0
35
Accuracy:  0.22727272727272727
36
57
57.0
36
Accuracy:  0.23376623376623376
37
65
65.0
37
Accuracy:  0.24025974025974026
38
70
70.0
38
Accuracy:  0.24675324675324675
39
40
40.0
39
Accuracy:  0.2532467532467532
40
15
15.0
40
Accuracy:  0.2597402597402597
41
43
43.0
41
Accuracy:  0.2662337662337662
42
99
99.0
42
Accuracy:  0.2727272727272727
43
81
81.0
43
Accuracy:  0.2792207792207792
44
71
71.0
44
Accuracy:  0.2857142857142857
45
105
105.0
45
Accuracy:  0.2922077922077922
46
152
152.0
46
Accuracy:  0.2987012987012987
47
179
179.0
47
Accuracy:  0.3051948051948052
48
69
69.0
48
Accuracy:  0.3116883116883117
49
85
85.0
49
Accuracy:  0.3181818181818182
50
56
56.0
50
Accuracy:  0.3246753246753247
51
81
81.0
51
Accuracy:  0.33116883116883117
52
38
38.0
52
Accuracy:  0.33766233766233766
53
43
43.0
53
Accuracy:  0.34415584415584416
54
83
83.0
54
Accuracy:  0.35064935064935066
55
29
29.0
55
Accuracy:  0.35714285714285715
56
93
93.0
56
Accuracy:  0.36363636363636365
57
19
13.0
56
Accuracy:  0.36363636363636365
58
17
17.0
57
Accuracy:  0.37012987012987014
59
19
9.0
57
Accuracy:  0.37012987012987014
60
21
10.0
57
Accuracy:  0.37012987012987014
61
3
12
12.0
58
Accuracy:  0.37662337662337664
62
8
8.0
59
Accuracy:  0.38311688311688313
63
9
6.0
59
Accuracy:  0.38311688311688313
64
12
12.0
60
Accuracy:  0.38961038961038963
65
14
14.0
61
Accuracy:  0.3961038961038961
66
15
9.0
61
Accuracy:  0.3961038961038961
67
9
9.0
62
Accuracy:  0.4025974025974026
68
68
67.0
62
Accuracy:  0.4025974025974026
69
81
81.0
63
Accuracy:  0.4090909090909091
70
42
42.0
64
Accuracy:  0.4155844155844156
71
57
53.0
64
Accuracy:  0.4155844155844156
72
84
84.0
65
Accuracy:  0.42207792207792205
73
14
15.0
65
Accuracy:  0.42207792207792205
74
104
104.0
66
Accuracy:  0.42857142857142855
75
58
58.0
67
Accuracy:  0.43506493506493504
76
70
70.0
68
Accuracy:  0.44155844155844154
77
97
86.0
68
Accuracy:  0.44155844155844154
78
4
6.0
68
Accuracy:  0.44155844155844154
79
6
5.0
68
Accuracy:  0.44155844155844154
80
4
3.0
68
Accuracy:  0.44155844155844154
81
26
38.0
68
Accuracy:  0.44155844155844154
82
1
11
11.0
69
Accuracy:  0.44805194805194803
83
1
7
7.0
70
Accuracy:  0.45454545454545453
84
18
18.0
71
Accuracy:  0.461038961038961
85
1
15
15.0
72
Accuracy:  0.4675324675324675
86
1
28
28.0
73
Accuracy:  0.474025974025974
87
1
22
22.0
74
Accuracy:  0.4805194805194805
88
38
38.0
75
Accuracy:  0.487012987012987
89
929
929.0
76
Accuracy:  0.4935064935064935
90
62
62.0
77
Accuracy:  0.5
91
126
113.0
77
Accuracy:  0.5
92
616
616.0
78
Accuracy:  0.5064935064935064
93
803
803.0
79
Accuracy:  0.512987012987013
94
1
-1
700.0
79
Accuracy:  0.512987012987013
95
20
20.0
80
Accuracy:  0.5194805194805194
96
35
35.0
81
Accuracy:  0.525974025974026
97
26
33.0
81
Accuracy:  0.525974025974026
98
40
40.0
82
Accuracy:  0.5324675324675324
99
52
43.0
82
Accuracy:  0.5324675324675324
100
32
32.0
83
Accuracy:  0.538961038961039
101
60
60.0
84
Accuracy:  0.5454545454545454
102
77
77.0
85
Accuracy:  0.551948051948052
103
9
9.0
86
Accuracy:  0.5584415584415584
104
2
20
20.0
87
Accuracy:  0.564935064935065
105
37
37.0
88
Accuracy:  0.5714285714285714
106
17
17.0
89
Accuracy:  0.577922077922078
107
24
24.0
90
Accuracy:  0.5844155844155844
108
22
22.0
91
Accuracy:  0.5909090909090909
109
34
31.0
91
Accuracy:  0.5909090909090909
110
44
69.0
91
Accuracy:  0.5909090909090909
111
66
66.0
92
Accuracy:  0.5974025974025974
112
35
35.0
93
Accuracy:  0.6038961038961039
113
3
79
79.0
94
Accuracy:  0.6103896103896104
114
63
63.0
95
Accuracy:  0.6168831168831169
115
97
97.0
96
Accuracy:  0.6233766233766234
116
95
95.0
97
Accuracy:  0.6298701298701299
117
84
120.0
97
Accuracy:  0.6298701298701299
118
36
36.0
98
Accuracy:  0.6363636363636364
119
55
55.0
99
Accuracy:  0.6428571428571429
120
9
53.0
99
Accuracy:  0.6428571428571429
121
1
-1
61.0
99
Accuracy:  0.6428571428571429
122
1
51
51.0
100
Accuracy:  0.6493506493506493
123
88
88.0
101
Accuracy:  0.6558441558441559
124
1
143
143.0
102
Accuracy:  0.6623376623376623
125
105
105.0
103
Accuracy:  0.6688311688311688
126
64
64.0
104
Accuracy:  0.6753246753246753
127
62
62.0
105
Accuracy:  0.6818181818181818
128
48
48.0
106
Accuracy:  0.6883116883116883
129
25
25.0
107
Accuracy:  0.6948051948051948
130
12
50.0
107
Accuracy:  0.6948051948051948
131
217
217.0
108
Accuracy:  0.7012987012987013
132
3
2327
2327.0
109
Accuracy:  0.7077922077922078
133
62
62.0
110
Accuracy:  0.7142857142857143
134
95
95.0
111
Accuracy:  0.7207792207792207
135
56
63.0
111
Accuracy:  0.7207792207792207
136
37
133.0
111
Accuracy:  0.7207792207792207
137
326
326.0
112
Accuracy:  0.7272727272727273
138
1
776
776.0
113
Accuracy:  0.7337662337662337
139
3343
3343.0
114
Accuracy:  0.7402597402597403
140
8243
8243.0
115
Accuracy:  0.7467532467532467
141
1
66018
66018.0
116
Accuracy:  0.7532467532467533
142
1
1.1428571428571428
30.0
116
Accuracy:  0.7532467532467533
143
280
280.0
117
Accuracy:  0.7597402597402597
144
1
243
243.0
118
Accuracy:  0.7662337662337663
145
1
4
5
49
121.0
118
Accuracy:  0.7662337662337663
146
1.8081058726220016
3395.0
118
Accuracy:  0.7662337662337663
147
2
4
690
690.0
119
Accuracy:  0.7727272727272727
148
343
343.0
120
Accuracy:  0.7792207792207793
149
1
448
448.0
121
Accuracy:  0.7857142857142857
150
3
1677
1677.0
122
Accuracy:  0.7922077922077922
151
1
375
0.875
122
Accuracy:  0.7922077922077922
152
6
0.8
122
Accuracy:  0.7922077922077922
153
0
1.0
122
Accuracy:  0.7922077922077922
